0 84 1
5 84 1
10 84 1
15 84 1
20 82 1
25 81 1
30 82 1
35 82 1
40 82 1
45 82 1
50 82 1
55 82 1
60 81 1
65 82 1
70 83 1
75 83 1
80 83 1
85 83 1
90 84 1
95 83 1
100 83 1
105 83 1
110 83 1
115 82 2
120 81 2
125 82 2
130 82 2
135 82 2
140 82 2
145 81 2
150 82 2
155 85 2
160 84 2
165 85 2
170 86 2
175 85 2
180 85 2
185 85 2
190 84 2
195 84 2
200 82 2
205 83 2
210 82 2
215 80 2
220 81 2
225 79 2
230 80 2
235 85 2
240 81 2
245 80 2
250 80 2
255 81 2
260 79 2
265 78 2
270 80 2
275 82 2
280 84 2
285 85 2
290 87 2
295 87 2
300 83 2
305 82 2
310 84 2
315 83 2
320 82 2
325 82 2
330 81 2
335 80 2
340 80 2
345 80 2
350 80 2
355 79 2
360 80 2
365 82 2
370 81 2
375 79 2
380 81 2
385 82 2
390 82 2
395 82 2
400 80 2
405 82 2
410 83 2
415 83 2
420 83 2
425 83 2
430 81 2
435 82 2
440 81 2
445 81 2
450 81 2
455 80 2
460 80 2
465 81 2
470 81 2
475 81 2
480 82 2
485 85 2
490 85 2
495 85 2
500 79 2
505 80 2
510 80 2
515 80 2
520 82 2
525 83 2
530 83 2
535 84 2
540 83 2
545 81 2
550 81 2
555 81 2
560 81 2
565 82 2
570 83 2
575 82 2
580 83 2
585 85 2
590 84 2
595 82 2
600 82 2
605 82 2
610 82 2
615 82 2
620 80 2
625 82 2
630 82 2
635 83 2
640 83 3
645 83 3
650 83 3
655 83 3
660 82 3
665 82 3
670 82 3
675 84 3
680 85 3
685 85 3
690 85 3
695 84 3
700 81 3
705 81 3
710 81 3
715 82 3
720 83 3
725 83 3
730 85 3
735 84 3
740 84 3
745 83 3
750 84 3
755 84 3
760 84 3
765 84 3
770 84 3
775 84 3
780 86 3
785 86 3
790 86 3
795 86 3
800 86 3
805 85 3
810 85 3
815 85 3
820 85 3
825 85 3
830 85 3
835 86 3
840 85 3
845 84 3
850 85 3
855 84 3
860 84 3
865 84 3
870 84 3
875 84 3
880 84 3
885 84 3
890 84 3
895 85 3
900 86 3
905 86 3
910 86 3
915 86 3
920 86 3
925 85 3
930 85 3
935 84 3
940 84 3
945 84 3
950 84 3
955 85 3
960 86 3
965 83 3
970 85 3
975 85 3
980 85 3
985 85 3
990 87 3
995 86 3
1000 84 3
1005 84 3
1010 84 3
1015 86 3
1020 86 3
1025 86 3
1030 85 3
1035 85 3
1040 85 3
1045 85 3
1050 86 3
1055 86 3
1060 84 3
1065 85 3
1070 85 3
1075 85 3
1080 85 3
1085 85 3
1090 85 3
1095 85 3
1100 85 3
1105 85 3
1110 85 3
1115 85 3
1120 86 3
1125 85 3
1130 84 3
1135 84 3
1140 84 3
1145 84 3
1150 84 3
1155 85 3
1160 84 3
1165 85 3
1170 84 3
1175 85 3
1180 85 3
1185 82 3
1190 83 3
1195 84 3
1200 84 3
1205 85 3
1210 85 3
1215 85 3
1220 85 3
1225 85 3
1230 85 3
1235 84 3
1240 84 3
1245 84 3
1250 84 3
1255 86 3
1260 85 3
1265 85 3
1270 85 3
1275 85 3
1280 86 3
1285 86 3
1290 86 3
1295 87 3
1300 86 3
1305 86 3
1310 85 3
1315 85 3
1320 86 3
1325 85 3
1330 86 3
1335 84 3
1340 85 3
1345 85 3
1350 84 3
1355 85 3
1360 86 3
1365 86 3
1370 86 3
1375 86 3
1380 86 3
1385 86 3
1390 86 3
1395 86 3
1400 86 3
1405 86 3
1410 85 3
1415 85 3
1420 85 3
1425 86 3
1430 85 3
1435 85 3
1440 86 3
1445 85 3
1450 85 3
1455 85 3
1460 86 3
1465 86 3
1470 85 3
1475 86 3
1480 86 3
1485 86 3
1490 86 3
1495 86 3
1500 86 3
1505 86 3
1510 86 3
1515 85 3
1520 86 3
1525 86 3
1530 85 3
1535 86 3
1540 86 3
1545 86 3
1550 87 3
1555 89 3
1560 88 3
1565 86 3
1570 85 3
1575 85 3
1580 84 3
1585 85 3
1590 85 3
1595 85 3
1600 86 3
1605 86 3
1610 87 3
1615 86 3
1620 86 3
1625 86 3
1630 86 3
1635 86 3
1640 86 3
1645 86 3
1650 84 3
1655 84 3
1660 84 3
1665 84 3
1670 85 3
1675 87 3
1680 86 3
1685 86 3
1690 86 3
1695 86 3
1700 86 3
1705 86 3
1710 86 3
1715 86 3
1720 86 3
1725 84 3
1730 85 3
1735 86 3
1740 86 3
1745 86 3
1750 86 3
1755 86 3
1760 86 3
1765 86 3
1770 86 3
1775 86 3
1780 86 3
1785 85 3
1790 86 3
1795 85 3
1800 86 3
1805 86 3
1810 86 3
1815 83 3
1820 84 3
1825 85 3
1830 84 3
1835 86 3
1840 86 3
1845 86 3
1850 86 3
1855 86 3
1860 85 3
1865 86 3
1870 86 3
1875 86 3
1880 86 3
1885 86 3
1890 86 3
1895 86 3
1900 86 3
1905 86 3
1910 86 3
1915 85 3
1920 85 3
1925 86 3
1930 85 3
1935 86 3
1940 86 3
1945 86 3
1950 87 3
1955 87 3
1960 86 3
1965 86 3
1970 86 3
1975 86 3
1980 86 3
1985 87 3
1990 87 3
1995 87 3
2000 87 3
2005 86 3
2010 86 3
2015 86 3
2020 86 3
2025 86 3
2030 84 3
2035 83 3
2040 86 3
2045 85 3
2050 85 3
2055 86 3
2060 86 3
2065 88 3
2070 87 3
2075 86 3
2080 86 3
2085 86 3
2090 86 3
2095 86 3
2100 84 3
2105 86 3
2110 86 3
2115 87 3
2120 88 3
2125 86 3
2130 86 3
2135 86 3
2140 86 3
2145 86 3
2150 85 3
2155 84 3
2160 85 3
2165 87 3
2170 87 3
2175 85 3
2180 84 3
2185 84 3
2190 85 3
2195 86 3
2200 78 1
2205 81 1
2210 82 1
2215 82 1
2220 80 1
2225 80 1
2230 79 2
2235 79 2
2240 78 2
2245 79 2
2250 80 2
2255 81 2
2260 81 2
2265 81 2
2270 81 2
2275 81 2
2280 80 2
2285 81 2
2290 82 2
2295 82 2
2300 82 2
2305 82 2
2310 81 2
2315 83 2
2320 82 2
2325 82 2
2330 82 2
2335 83 2
2340 81 2
2345 83 2
2350 83 2
2355 82 2
2360 82 2
2365 81 2
2370 82 2
2375 81 2
2380 81 3
2385 82 3
2390 82 3
2395 83 3
2400 83 3
2405 83 3
2410 83 3
2415 79 3
2420 80 3
2425 80 3
2430 81 3
2435 82 3
2440 81 3
2445 81 3
2450 84 3
2455 84 3
2460 83 3
2465 82 3
2470 83 3
2475 83 3
2480 83 3
2485 84 3
2490 83 3
2495 83 3
2500 83 3
2505 82 3
2510 82 3
2515 82 3
2520 82 3
2525 82 3
2530 82 3
2535 82 3
2540 83 3
2545 86 3
2550 85 3
2555 85 3
2560 85 3
2565 85 3
2570 84 3
2575 84 3
2580 85 3
2585 85 3
2590 84 3
2595 85 3
2600 85 3
2605 84 3
2610 84 3
2615 84 3
2620 84 3
2625 86 3
2630 87 3
2635 86 3
2640 85 3
2645 84 3
2650 84 3
2655 84 3
2660 85 3
2665 84 3
2670 84 3
2675 85 3
2680 85 3
2685 85 3
2690 85 3
2695 85 3
2700 85 3
2705 85 3
2710 85 3
2715 85 3
2720 85 3
2725 85 3
2730 75 2
2735 75 2
2740 76 2
2745 76 2
2750 77 2
2755 78 2
2760 79 2
2765 79 2
2770 84 2
2775 86 2
2780 87 2
2785 83 2
2790 82 5
2795 80 5
2800 79 5
2805 78 5
2810 80 5
2815 82 5
2820 86 5
2825 87 5
2830 88 5
2835 88 5
2840 88 5
2845 88 5
2850 86 5
2855 86 5
2860 86 5
2865 86 5
2870 86 5
2875 91 5
2880 91 5
2885 88 5
2890 88 5
2895 90 5
2900 92 5
2905 93 5
2910 94 5
2915 92 5
2920 91 5
2925 92 5
2930 92 5
2935 91 5
2940 87 5
2945 86 5
2950 88 5
2955 93 5
2960 90 5
2965 89 5
2970 89 5
2975 89 5
2980 89 5
2985 89 5
2990 89 5
2995 89 5
3000 90 5
3005 90 5
3010 91 5
3015 91 5
3020 91 5
3025 95 5
3030 95 5
3035 95 5
3040 90 5
3045 90 5
3050 91 5
3055 90 5
3060 87 5
3065 88 5
3070 90 5
3075 93 5
3080 94 5
3085 93 5
3090 92 5
3095 92 5
3100 90 5
3105 89 5
3110 94 5
3115 92 5
3120 91 5
3125 91 5
3130 85 5
3135 85 5
3140 85 5
3145 86 5
3150 89 5
3155 85 5
3160 84 5
3165 85 5
3170 91 5
3175 91 5
3180 91 5
3185 90 5
3190 87 5
3195 86 5
3200 82 5
3205 83 5
3210 85 5
3215 86 5
3220 86 5
3225 86 5
3230 86 5
3235 86 5
3240 90 5
3245 92 5
3250 92 5
3255 92 5
3260 94 5
3265 94 5
3270 94 5
3275 94 5
3280 96 5
3285 96 5
3290 93 5
3295 93 5
3300 92 5
3305 91 5
3310 91 5
3315 94 5
3320 94 5
3325 95 5
3330 99 5
3335 99 5
3340 95 5
3345 100 5
3350 99 5
3355 89 5
3360 89 5
3365 89 5
3370 87 5
3375 87 5
3380 87 5
3385 86 5
3390 86 5
3395 88 5
3400 87 5
3405 88 5
3410 90 5
3415 89 5
3420 89 5
3425 87 5
3430 85 5
3435 85 5
3440 86 5
3445 91 5
3450 86 5
3455 94 5
3460 94 5
3465 84 5
3470 84 5
3475 85 5
3480 84 5
3485 86 5
3490 87 5
3495 86 5
3500 84 5
3505 82 5
3510 83 5
3515 82 5
3520 86 5
3525 85 5
3530 86 5
3535 86 5
3540 85 5
3545 83 5
3550 84 5
3555 86 5
3560 86 5
3565 83 5
3570 86 5
3575 86 5
3580 86 5
3585 86 5
3590 82 5
3595 81 5
3600 87 5
3605 86 5
3610 86 5
3615 82 5
3620 84 5
3625 78 5
3630 78 5
3635 84 5
3640 86 5
3645 83 5
3650 81 5
3655 81 5
3660 81 5
3665 81 5
3670 82 5
3675 81 5
3680 86 5
3685 86 5
3690 88 5
3695 89 5
3700 83 5
3705 83 5
3710 83 5
3715 83 5
3720 84 5
3725 83 5
3730 84 5
3735 85 5
3740 87 5
3745 89 5
3750 91 5
3755 90 5
3760 87 5
3765 86 5
3770 81 5
3775 81 5
3780 84 5
3785 85 5
3790 80 5
3795 80 5
3800 84 5
3805 84 5
3810 77 5
3815 77 5
3820 81 5
3825 86 5
3830 81 5
3835 86 5
3840 85 5
3845 78 5
3850 79 5
3855 81 5
3860 82 5
3865 84 5
3870 83 5
3875 85 5
3880 86 5
3885 86 5
3890 80 5
3895 78 5
3900 85 5
3905 86 5
3910 81 5
3915 80 5
3920 81 5
3925 84 5
3930 85 5
3935 82 5
3940 82 5
3945 86 5
3950 86 5
3955 88 5
3960 85 5
3965 90 5
3970 89 5
3975 88 5
3980 82 5
3985 82 5
3990 86 5
3995 81 5
4000 83 5
4005 85 5
4010 84 5
4015 84 5
4020 84 5
4025 83 5
4030 83 5
4035 83 5
4040 83 5
4045 82 5
4050 81 5
4055 83 5
4060 85 5
4065 86 5
4070 86 5
4075 86 5
4080 91 5
4085 91 5
4090 92 5
4095 81 5
4100 80 5
4105 82 5
4110 82 5
4115 78 5
4120 77 5
4125 77 5
4130 79 5
4135 79 5
4140 78 5
4145 80 5
4150 82 5
4155 88 5
4160 87 5
4165 86 5
4170 86 5
4175 84 5
4180 85 5
4185 85 5
4190 85 5
4195 80 5
4200 77 5
4205 77 5
4210 80 5
4215 81 5
4220 79 5
4225 79 5
4230 80 5
4235 82 5
4240 83 5
4245 87 5
4250 86 5
4255 85 5
4260 86 5
4265 84 5
4270 84 5
4275 84 5
4280 84 5
4285 77 5
4290 82 5
4295 77 5
4300 77 5
4305 82 5
4310 83 5
4315 81 5
4320 84 5
4325 79 5
4330 79 5
4335 83 5
4340 84 5
4345 86 5
4350 85 5
4355 85 5
4360 86 5
4365 86 5
4370 82 5
4375 81 5
4380 85 5
4385 86 5
4390 82 5
4395 79 5
4400 80 5
4405 79 5
4410 79 5
4415 79 5
4420 79 5
4425 81 5
4430 84 5
4435 85 5
4440 86 5
4445 84 5
4450 82 5
4455 81 5
4460 82 5
4465 80 5
4470 81 5
4475 82 5
4480 82 5
4485 81 5
4490 86 5
4495 83 5
4500 83 5
4505 87 2
4510 86 2
4515 86 2
4520 78 2
4525 80 2
4530 82 2
4535 83 2
4540 82 2
4545 82 2
4550 84 2
4555 84 2
4560 84 2
4565 85 2
4570 81 2
4575 79 2
4580 79 2
4585 84 2
4590 85 2
4595 86 2
4600 82 2
4605 84 2
4610 86 2
4615 81 2
4620 79 2
4625 79 2
4630 86 2
4635 85 2
4640 77 2
4645 80 2
4650 81 2
4655 81 2
4660 82 2
4665 83 2
4670 83 2
4675 83 2
4680 84 2
4685 77 2
4690 78 2
4695 80 2
4700 81 2
4705 78 2
4710 78 2
4715 79 2
4720 80 2
4725 83 2
4730 84 2
4735 85 2
4740 83 2
4745 83 2
4750 81 2
4755 81 2
4760 81 2
4765 78 2
4770 79 2
4775 81 2
4780 83 2
4785 81 2
4790 79 2
4795 79 2
4800 79 2
4805 78 2
4810 77 2
4815 80 2
4820 80 2
4825 79 2
4830 79 2
4835 80 2
4840 80 2
4845 80 2
4850 78 2
4855 78 2
4860 80 2
4865 80 2
4870 80 2
4875 80 2
4880 79 2
4885 81 2
4890 82 2
4895 82 2
4900 82 2
4905 82 2
4910 81 2
4915 81 2
4920 81 2
4925 81 2
4930 82 2
4935 84 2
4940 82 2
4945 83 2
4950 82 2
4955 82 2
4960 79 2
4965 80 2
4970 84 2
4975 84 2
4980 84 2
4985 82 2
4990 81 2
4995 81 2
5000 81 2
5005 83 2
5010 81 2
5015 81 2
5020 80 2
5025 80 2
5030 80 2
5035 81 2
5040 82 2
5045 81 2
5050 81 2
5055 81 2
5060 81 2
5065 83 2
5070 81 2
5075 83 2
5080 86 2
5085 83 2
5090 82 2
5095 82 2
5100 82 2
5105 76 2
5110 76 2
5115 79 2
5120 82 2
5125 78 2
5130 80 2
5135 82 2
5140 82 2
5145 82 2
5150 82 2
5155 82 2
5160 83 2
5165 82 2
5170 82 2
5175 83 2
5180 83 2
5185 84 2
5190 84 2
5195 85 2
5200 85 2
5205 84 2
5210 83 2
5215 81 2
5220 81 2
5225 82 2
5230 83 2
5235 83 2
5240 82 2
5245 81 2
5250 82 2
5255 84 2
5260 83 2
5265 82 2
5270 84 2
5275 85 2
5280 84 2
5285 84 2
5290 83 2
5295 84 2
5300 83 2
5305 83 2
5310 82 2
5315 82 2
5320 86 2
5325 84 2
5330 82 2
5335 85 2
5340 85 2
5345 83 2
5350 80 2
5355 80 2
5360 81 2
5365 82 2
5370 83 2
5375 84 2
5380 85 2
5385 85 2
5390 85 2
5395 84 2
5400 85 2
5405 86 2
5410 85 2
5415 84 2
5420 85 2
5425 86 2
5430 82 2
5435 82 2
5440 85 2
5445 85 2
5450 82 2
5455 83 2
5460 83 2
5465 83 2
5470 84 2
5475 85 2
5480 84 2
5485 84 2
5490 86 2
5495 86 2
5500 84 2
5505 83 2
5510 83 2
5515 84 2
5520 84 2
5525 84 2
5530 85 3
5535 85 3
5540 85 3
5545 85 3
5550 85 3
5555 86 3
5560 86 3
5565 86 3
5570 86 3
5575 84 3
5580 85 3
5585 86 3
5590 85 3
5595 85 3
5600 86 3
5605 85 3
5610 85 3
5615 85 3
5620 85 3
5625 85 3
5630 85 3
5635 85 3
5640 83 3
5645 82 3
5650 83 3
5655 83 3
5660 83 3
5665 83 3
5670 82 3
5675 82 3
5680 82 3
5685 82 3
5690 82 3
5695 82 3
5700 84 3
5705 83 3
5710 83 3
5715 83 3
5720 83 3
5725 84 3
5730 85 3
5735 86 3
5740 86 3
5745 82 3
5750 83 3
5755 85 3
5760 85 3
5765 87 3
5770 86 3
5775 86 3
5780 85 3
5785 85 3
5790 86 3
5795 86 3
5800 86 3
5805 85 3
5810 83 3
5815 84 3
5820 85 3
5825 86 3
5830 86 3
5835 86 3
5840 86 3
5845 87 3
5850 86 3
5855 86 3
5860 86 3
5865 85 3
5870 85 3
5875 85 3
5880 85 3
5885 85 3
5890 85 3
5895 85 3
5900 85 3
5905 85 3
5910 83 3
5915 83 3
5920 86 3
5925 87 3
5930 86 3
5935 86 3
5940 86 3
5945 85 3
5950 85 3
5955 85 3
5960 85 3
5965 85 3
5970 85 3
5975 85 3
5980 84 3
5985 84 3
5990 86 3
5995 86 3
6000 86 3
6005 86 3
6010 86 3
6015 86 3
6020 86 3
6025 86 3
6030 86 3
6035 86 3
6040 86 3
6045 85 3
6050 85 3
6055 85 3
6060 83 3
6065 83 3
6070 84 3
6075 82 3
6080 86 3
6085 86 3
6090 85 3
6095 85 3
6100 83 3
6105 84 3
6110 84 3
6115 84 3
6120 84 3
6125 80 3
6130 82 3
6135 82 3
6140 82 3
6145 84 3
6150 85 3
6155 86 3
6160 86 3
6165 85 3
6170 84 3
6175 83 3
6180 82 3
6185 82 3
6190 82 3
6195 85 3
6200 86 3
6205 86 3
6210 86 3
6215 84 3
6220 81 3
6225 82 3
6230 85 3
6235 85 3
6240 83 3
6245 84 3
6250 86 3
6255 84 3
6260 81 3
6265 82 3
6270 85 3
6275 84 3
6280 82 3
6285 83 3
6290 84 3
6295 80 3
6300 82 3
6305 84 3
6310 86 3
6315 85 3
6320 83 3
6325 83 3
6330 85 3
6335 84 3
6340 83 3
6345 84 3
6350 84 3
6355 86 3
6360 83 3
6365 82 3
6370 83 3
6375 83 3
6380 83 3
6385 83 3
6390 85 3
6395 83 3
6400 85 3
6405 86 3
6410 85 3
6415 83 3
6420 82 3
6425 82 3
6430 82 3
6435 82 3
6440 82 3
6445 82 3
6450 85 3
6455 84 3
6460 84 3
6465 85 3
6470 84 3
6475 84 3
6480 83 3
6485 84 3
6490 84 3
6495 83 3
6500 84 3
6505 84 3
6510 83 3
6515 83 3
6520 83 3
6525 80 3
6530 83 3
6535 86 3
6540 85 3
6545 82 3
6550 83 3
6555 85 3
6560 83 3
6565 83 3
6570 81 3
6575 82 3
6580 84 3
6585 85 3
6590 85 3
6595 85 3
6600 82 3
6605 82 3
6610 84 3
6615 86 3
6620 85 3
6625 83 3
6630 82 3
6635 82 3
6640 82 3
6645 85 3
6650 86 3
6655 86 3
6660 86 3
6665 86 3
6670 86 3
6675 85 3
6680 85 3
6685 85 3
6690 86 3
6695 86 3
6700 84 3
6705 84 3
6710 84 3
6715 84 3
6720 85 3
6725 86 3
6730 86 3
6735 85 3
6740 85 3
6745 85 3
6750 85 3
6755 85 3
6760 85 3
6765 83 3
6770 84 3
6775 84 3
6780 85 3
6785 84 3
6790 85 3
6795 85 3
6800 84 3
6805 85 3
6810 85 3
6815 82 3
6820 83 3
6825 85 3
6830 85 3
6835 85 3
6840 84 3
6845 84 3
6850 84 3
6855 84 3
6860 84 3
6865 85 3
6870 85 3
6875 85 3
6880 83 3
6885 87 3
6890 86 3
6895 82 3
6900 84 3
6905 84 3
6910 83 3
6915 83 3
6920 83 3
6925 83 3
6930 83 3
6935 84 3
6940 85 3
6945 84 3
6950 82 3
6955 83 3
6960 84 3
6965 83 3
6970 84 3
6975 86 3
6980 85 3
6985 83 3
6990 82 3
6995 82 3
7000 83 3
7005 85 3
7010 86 3
7015 85 3
7020 84 3
7025 84 3
7030 84 3
7035 85 3
7040 85 3
7045 85 3
7050 85 3
7055 82 3
7060 83 3
7065 83 3
7070 82 3
7075 82 3
7080 82 3
7085 82 3
7090 83 3
7095 84 3
7100 84 3
7105 84 3
7110 84 3
7115 84 3
7120 86 3
7125 86 3
7130 85 3
7135 84 3
7140 85 3
7145 84 3
7150 85 3
7155 84 3
7160 83 3
7165 83 3
7170 83 3
7175 86 3
7180 85 3
7185 84 3
7190 83 3
7195 83 3
7200 86 3
7205 84 3
7210 83 3
7215 86 3
7220 81 3
7225 82 3
7230 83 3
7235 84 3
7240 84 3
7245 82 3
7250 83 3
7255 83 3
7260 83 3
7265 83 3
7270 83 3
7275 82 3
7280 82 3
7285 82 3
7290 83 3
7295 83 3
7300 83 3
7305 81 3
7310 81 3
7315 81 3
7320 81 3
7325 82 3
7330 83 3
7335 84 3
7340 83 3
7345 81 3
7350 82 3
7355 82 3
7360 82 3
7365 81 3
7370 80 3
7375 83 3
7380 83 3
7385 84 3
7390 86 3
7395 83 3
7400 82 3
7405 81 3
7410 81 3
7415 84 3
7420 81 3
7425 82 3
7430 83 3
7435 83 3
7440 83 3
7445 83 3
7450 80 3
7455 81 3
7460 82 3
7465 83 3
7470 83 3
7475 83 3
7480 82 3
7485 84 3
7490 84 3
7495 79 3
7500 82 3
7505 80 3
7510 81 3
7515 79 3
7520 80 3
7525 79 3
7530 82 3
7535 83 3
7540 83 3
7545 83 3
7550 81 3
7555 83 3
7560 83 3
7565 80 3
7570 82 3
7575 81 3
7580 81 3
7585 81 3
7590 82 3
7595 82 3
7600 82 3
7605 82 3
7610 82 3
7615 82 3
7620 83 3
7625 82 3
7630 78 3
7635 80 3
7640 82 3
7645 81 3
7650 79 3
7655 79 3
7660 80 3
7665 77 3
7670 77 3
7675 78 3
7680 78 3
7685 79 3
7690 79 3
7695 79 3
7700 79 3
7705 79 3
7710 79 3
7715 80 3
7720 81 3
7725 81 3
7730 82 3
7735 81 3
7740 79 3
7745 80 3
7750 85 1
7755 112 1
7760 112 1
7765 112 1
7770 87 1
7775 86 1
7780 77 1
7785 77 1
7790 77 1
7795 80 1
7800 80 1
7805 72 1
7810 74 2
7815 75 2
7820 76 2
7825 72 2
7830 72 2
7835 71 2
7840 72 2
7845 72 2
7850 72 2
7855 72 2
7860 79 2
7865 81 2
7870 80 2
7875 69 2
7880 69 2
7885 71 2
7890 69 2
7895 71 2
7900 72 2
7905 71 2
7910 71 2
7915 71 2
7920 71 2
7925 71 2
7930 71 2
7935 72 2
7940 71 2
7945 71 2
7950 71 2
7955 71 2
7960 75 2
7965 73 2
7970 74 2
7975 74 2
7980 75 2
7985 84 2
7990 83 2
7995 83 2
8000 72 2
8005 70 2
8010 71 2
8015 76 2
8020 77 2
8025 77 2
8030 71 2
8035 72 2
8040 71 2
8045 72 2
8050 72 2
8055 72 2
8060 72 2
8065 72 2
8070 72 2
8075 73 2
8080 73 2
8085 75 2
8090 77 2
8095 77 2
8100 87 2
8105 87 2
8110 87 2
8115 74 2
8120 75 2
8125 75 2
8130 73 2
8135 73 2
8140 73 2
8145 74 2
8150 77 2
8155 76 1
8160 76 1
8165 76 1
8170 76 1
8175 83 1
8180 70 1
8185 76 2
8190 77 2
8195 76 2
8200 75 2
8205 77 2
8210 78 2
8215 78 2
8220 89 2
8225 86 2
8230 86 2
8235 80 2
8240 85 2
8245 77 1
8250 77 1
8255 78 1
8260 73 1
8265 73 1
8270 77 1
8275 76 1
8280 82 1
8285 82 1
8290 82 1
8295 75 1
8300 74 1
8305 74 1
8310 74 1
8315 74 1
8320 73 1
8325 72 1
8330 73 1
8335 75 2
8340 75 2
8345 75 2
8350 77 2
8355 77 2
8360 78 2
8365 79 1
8370 79 1
8375 79 1
8380 73 1
8385 76 1
8390 74 1
8395 75 1
8400 80 1
8405 80 1
8410 79 1
8415 79 1
8420 80 5
8425 79 5
8430 80 5
8435 85 5
8440 84 5
8445 83 5
8450 82 5
8455 83 5
8460 77 5
8465 78 5
8470 79 5
8475 80 5
8480 82 5
8485 81 5
8490 82 5
8495 79 5
8500 78 5
8505 77 5
8510 77 5
8515 81 5
8520 81 5
8525 81 5
8530 81 5
8535 86 5
8540 86 5
8545 80 5
8550 81 5
8555 79 5
8560 78 5
8565 80 5
8570 79 5
8575 79 5
8580 79 5
8585 79 5
8590 84 5
8595 83 5
8600 83 5
8605 82 5
8610 90 5
8615 88 5
8620 86 5
8625 84 5
8630 75 5
8635 74 5
8640 74 5
8645 72 5
8650 72 5
8655 74 5
8660 76 5
8665 75 5
8670 77 5
8675 78 5
8680 79 5
8685 79 5
8690 79 5
8695 79 5
8700 82 5
8705 81 5
8710 81 5
8715 82 5
8720 81 5
8725 77 5
8730 77 5
8735 80 5
8740 80 5
8745 79 5
8750 82 5
8755 84 5
8760 82 5
8765 81 5
8770 80 5
8775 75 5
8780 78 5
8785 77 5
8790 76 5
8795 76 5
8800 78 5
8805 81 5
8810 81 5
8815 80 5
8820 80 5
8825 77 5
8830 77 5
8835 77 5
8840 77 5
8845 77 5
8850 80 5
8855 80 5
8860 80 5
8865 77 5
8870 80 5
8875 78 5
8880 78 5
8885 82 5
8890 82 5
8895 83 5
8900 80 5
8905 79 5
8910 76 5
8915 75 5
8920 72 5
8925 74 5
8930 78 5
8935 79 5
8940 79 5
8945 79 5
8950 77 5
8955 73 5
8960 72 5
8965 72 5
8970 73 5
8975 73 5
8980 74 5
8985 80 5
8990 78 5
8995 76 5
9000 80 5
9005 71 5
9010 71 5
9015 75 5
9020 75 5
9025 69 5
9030 70 5
9035 75 5
9040 74 5
9045 74 5
9050 70 5
9055 71 5
9060 71 5
9065 71 5
9070 73 5
9075 72 5
9080 76 5
9085 77 5
9090 75 5
9095 74 5
9100 75 5
9105 75 5
9110 78 5
9115 78 5
9120 80 5
9125 75 5
9130 75 5
9135 73 5
9140 73 5
9145 74 5
9150 74 5
9155 72 5
9160 73 5
9165 76 5
9170 72 5
9175 71 5
9180 79 5
9185 73 5
9190 75 5
9195 75 5
9200 73 5
9205 72 5
9210 72 5
9215 76 5
9220 76 5
9225 72 5
9230 73 5
9235 74 5
9240 75 5
9245 77 5
9250 77 5
9255 76 5
9260 76 5
9265 77 5
9270 77 5
9275 75 5
9280 68 5
9285 71 5
9290 74 5
9295 75 5
9300 71 5
9305 72 5
9310 72 5
9315 75 5
9320 76 5
9325 77 5
9330 76 5
9335 72 5
9340 71 5
9345 72 5
9350 72 5
9355 76 5
9360 74 5
9365 70 5
9370 71 5
9375 71 5
9380 69 5
9385 72 5
9390 74 5
9395 75 5
9400 74 5
9405 74 5
9410 79 5
9415 80 5
9420 82 5
9425 82 5
9430 81 5
9435 70 5
9440 71 5
9445 70 5
9450 70 5
9455 77 5
9460 77 5
9465 71 5
9470 71 5
9475 71 5
9480 70 5
9485 73 5
9490 74 5
9495 77 5
9500 78 5
9505 76 5
9510 74 5
9515 74 5
9520 73 5
9525 73 5
9530 73 5
9535 67 5
9540 77 5
9545 75 5
9550 74 5
9555 77 5
9560 75 5
9565 73 5
9570 73 5
9575 72 5
9580 72 5
9585 72 5
9590 72 5
9595 71 5
9600 73 5
9605 73 5
9610 77 5
9615 77 5
9620 77 5
9625 76 5
9630 76 5
9635 78 5
9640 78 5
9645 77 5
9650 76 5
9655 76 5
9660 77 5
9665 79 5
9670 74 5
9675 74 5
9680 75 5
9685 84 5
9690 68 5
9695 68 5
9700 68 5
9705 70 5
9710 71 5
9715 71 5
9720 70 5
9725 71 5
9730 73 5
9735 75 5
9740 73 5
9745 74 5
9750 75 5
9755 74 5
9760 72 5
9765 70 5
9770 69 5
9775 69 5
9780 68 5
9785 70 5
9790 70 5
9795 69 5
9800 69 5
9805 72 5
9810 74 5
9815 73 5
9820 75 5
9825 75 5
9830 76 5
9835 77 5
9840 77 5
9845 77 5
9850 77 5
9855 69 5
9860 75 5
9865 70 5
9870 70 5
9875 71 5
9880 69 5
9885 70 5
9890 70 5
9895 70 5
9900 68 5
9905 70 5
9910 73 5
9915 74 5
9920 76 5
9925 75 5
9930 75 5
9935 76 5
9940 73 5
9945 71 5
9950 68 5
9955 68 5
9960 68 5
9965 68 5
9970 68 5
9975 69 5
9980 71 5
9985 70 5
9990 71 5
9995 72 5
10000 71 5
10005 71 5
10010 70 5
10015 70 5
10020 77 1
10025 76 1
10030 71 1
10035 71 1
10040 72 1
10045 70 1
10050 68 1
10055 68 1
10060 68 1
10065 67 1
10070 66 1
10075 67 2
10080 67 2
10085 68 2
10090 68 2
10095 67 2
10100 66 2
10105 67 2
10110 67 2
10115 67 2
10120 69 2
10125 69 2
10130 70 2
10135 70 2
10140 69 2
10145 68 2
10150 68 2
10155 68 2
10160 68 2
10165 68 2
10170 69 2
10175 70 2
10180 70 2
10185 69 2
10190 68 2
10195 68 2
10200 67 2
10205 66 2
10210 67 2
10215 67 2
10220 67 2
10225 67 2
10230 67 2
10235 67 2
10240 67 2
10245 68 2
10250 68 2
10255 67 2
10260 67 2
10265 67 2
10270 67 2
10275 67 2
10280 67 2
10285 68 2
10290 67 2
10295 67 2
10300 68 2
10305 68 2
10310 68 2
10315 68 2
10320 68 2
10325 68 2
10330 67 2
10335 67 2
10340 67 2
10345 67 2
10350 67 2
10355 66 2
10360 67 2
10365 67 2
10370 64 1
10375 64 1
10380 66 1
10385 66 1
10390 65 1
10395 65 1
10400 65 2
10405 65 2
10410 66 2
10415 66 2
10420 66 2
10425 66 2
10430 66 2
10435 66 2
10440 66 2
10445 66 2
10450 66 2
10455 66 2
10460 68 2
10465 68 2
10470 66 2
10475 66 2
10480 67 2
10485 67 2
10490 67 2
10495 68 2
10500 73 2
10505 73 2
10510 71 2
10515 70 2
10520 69 2
10525 69 2
10530 65 2
10535 66 2
10540 68 2
10545 71 2
10550 71 2
10555 69 2
10560 68 2
10565 69 2
10570 69 2
10575 68 2
10580 69 2
10585 70 2
10590 71 2
10595 70 2
10600 70 2
10605 69 2
10610 70 2
10615 66 2
10620 69 2
10625 72 2
10630 71 2
10635 71 2
10640 71 2
10645 70 2
10650 71 2
10655 71 2
10660 71 2
10665 70 2
10670 70 2
10675 70 2
10680 71 2
10685 72 2
10690 72 2
10695 73 2
10700 73 2
10705 72 2
10710 71 2
10715 70 2
10720 70 2
10725 68 2
10730 68 2
10735 68 2
10740 70 2
10745 71 2
10750 72 1
10755 68 1
10760 68 1
10765 67 1
10770 68 1
10775 68 1
10780 68 2
10785 69 2
10790 69 2
10795 68 2
10800 68 2
10805 68 2
10810 69 2
10815 69 2
10820 70 2
10825 71 2
10830 71 2
10835 72 2
10840 71 2
10845 70 2
10850 69 2
10855 69 2
10860 69 2
10865 70 2
10870 71 2
10875 71 2
10880 71 2
10885 71 2
10890 70 2
10895 69 2
10900 68 2
10905 68 2
10910 69 2
10915 70 2
10920 70 2
10925 70 2
10930 70 2
10935 70 2
10940 70 2
10945 70 2
10950 70 2
10955 70 2
10960 70 2
10965 71 2
10970 71 2
10975 67 2
10980 68 2
10985 68 2
10990 68 2
10995 70 2
11000 71 2
11005 70 2
11010 71 2
11015 70 2
11020 69 2
11025 68 2
11030 69 2
11035 70 2
11040 71 2
11045 71 2
11050 69 2
11055 70 2
11060 72 2
11065 73 2
11070 73 2
11075 73 2
11080 72 2
11085 72 2
11090 72 2
11095 71 2
11100 70 2
11105 70 2
11110 71 2
11115 71 2
11120 74 2
11125 73 2
11130 69 2
11135 71 2
11140 71 2
11145 73 2
11150 70 2
11155 70 2
11160 71 2
11165 71 2
11170 71 2
11175 70 2
11180 71 2
11185 68 2
11190 68 2
11195 70 2
11200 75 2
11205 75 2
11210 73 2
11215 73 2
11220 71 2
11225 71 2
11230 72 2
11235 72 2
11240 73 2
11245 73 2
11250 75 2
11255 74 2
11260 74 2
11265 77 2
11270 77 2
11275 77 2
11280 74 2
11285 73 2
11290 73 2
11295 73 2
11300 73 2
11305 74 2
11310 71 2
11315 69 2
11320 71 2
11325 72 2
11330 71 2
11335 72 2
11340 74 2
11345 74 2
11350 75 2
11355 74 2
11360 75 2
11365 74 2
11370 74 2
11375 73 2
11380 71 2
11385 72 2
11390 72 2
11395 72 2
11400 73 2
11405 72 2
11410 73 2
11415 76 2
11420 75 2
11425 74 2
11430 75 2
11435 75 2
11440 75 2
11445 75 2
11450 71 2
11455 73 2
11460 73 2
11465 75 2
11470 74 2
11475 75 2
11480 76 2
11485 78 2
11490 77 2
11495 74 2
11500 73 2
11505 72 2
11510 72 2
11515 72 2
11520 73 2
11525 75 2
11530 75 2
11535 75 2
11540 74 2
11545 74 2
11550 74 2
11555 74 2
11560 74 2
11565 74 2
11570 74 2
11575 74 2
11580 74 2
11585 74 2
11590 75 2
11595 75 2
11600 75 2
11605 75 2
11610 75 2
11615 75 2
11620 76 2
11625 76 2
11630 76 2
11635 75 2
11640 75 2
11645 76 2
11650 76 2
11655 76 2
11660 75 2
11665 74 2
11670 74 2
11675 77 2
11680 77 2
11685 76 2
11690 75 2
11695 75 2
11700 75 2
11705 77 2
11710 77 2
11715 77 2
11720 75 2
11725 75 2
11730 75 2
11735 76 2
11740 76 2
11745 77 3
11750 76 3
11755 76 3
11760 77 3
11765 77 3
11770 77 3
11775 77 3
11780 77 3
11785 77 3
11790 77 3
11795 77 3
11800 77 3
11805 77 3
11810 77 3
11815 78 3
11820 78 3
11825 78 3
11830 78 3
11835 77 3
11840 74 3
11845 76 3
11850 74 3
11855 75 3
11860 74 3
11865 75 3
11870 76 3
11875 75 3
11880 76 3
11885 76 3
11890 76 3
11895 77 3
11900 77 3
11905 77 3
11910 76 3
11915 77 3
11920 77 3
11925 79 3
11930 78 3
11935 78 3
11940 77 3
11945 75 3
11950 75 3
11955 77 3
11960 77 3
11965 77 3
11970 77 3
11975 78 3
11980 77 3
11985 77 3
11990 75 3
11995 76 3
12000 76 3
12005 77 3
12010 77 3
12015 77 3
12020 77 3
12025 77 3
12030 77 3
12035 77 3
12040 78 3
12045 77 3
12050 77 3
12055 78 3
12060 79 3
12065 78 3
12070 77 3
12075 80 3
12080 77 3
12085 76 3
12090 77 3
12095 77 3
12100 77 3
12105 77 3
12110 77 3
12115 78 3
12120 78 3
12125 76 3
12130 76 3
12135 78 3
12140 77 3
12145 75 3
12150 78 1
12155 77 1
12160 76 1
12165 77 1
12170 76 1
12175 76 1
12180 76 1
12185 75 1
12190 71 1
12195 72 1
12200 71 1
12205 71 2
12210 71 2
12215 71 2
12220 76 2
12225 72 2
12230 72 2
12235 72 2
12240 73 2
12245 73 2
12250 74 2
12255 74 2
12260 74 2
12265 71 2
12270 70 2
12275 73 2
12280 72 2
12285 73 2
12290 77 2
12295 77 2
12300 77 2
12305 76 2
12310 76 2
12315 77 2
12320 77 2
12325 77 2
12330 77 2
12335 77 2
12340 76 2
12345 79 2
12350 80 2
12355 75 2
12360 75 2
12365 74 2
12370 74 2
12375 74 2
12380 74 2
12385 76 2
12390 75 2
12395 75 2
12400 77 2
12405 76 2
12410 76 2
12415 77 2
12420 77 2
12425 74 2
12430 74 2
12435 74 2
12440 74 2
12445 74 2
12450 77 2
12455 77 2
12460 77 2
12465 77 2
12470 77 2
12475 74 2
12480 76 2
12485 76 2
12490 77 2
12495 77 2
12500 77 2
12505 77 2
12510 76 2
12515 77 2
12520 77 2
12525 77 2
12530 77 2
12535 77 2
12540 77 2
12545 77 2
12550 77 2
12555 75 2
12560 76 2
12565 77 2
12570 77 2
12575 77 2
12580 77 2
12585 77 2
12590 77 2
12595 76 2
12600 75 2
12605 75 2
12610 76 2
12615 76 2
12620 78 2
12625 78 2
12630 77 2
12635 78 2
12640 79 2
12645 75 2
12650 75 2
12655 76 2
12660 78 2
12665 78 2
12670 78 2
12675 78 2
12680 77 2
12685 77 2
12690 77 2
12695 77 2
12700 77 2
12705 77 2
12710 77 2
12715 77 2
12720 77 2
12725 77 2
12730 77 2
12735 77 2
12740 77 2
12745 79 2
12750 78 2
12755 77 2
12760 77 2
12765 77 2
12770 77 2
12775 77 2
12780 77 2
12785 77 2
12790 77 2
12795 77 2
12800 77 2
12805 77 2
12810 76 2
12815 75 2
12820 76 2
12825 77 2
12830 77 2
12835 77 2
12840 77 2
12845 78 2
12850 78 2
12855 78 2
12860 78 2
12865 77 2
12870 77 2
12875 77 2
12880 77 2
12885 77 2
12890 77 2
12895 77 2
12900 79 2
12905 79 2
12910 78 2
12915 77 2
12920 76 2
12925 76 2
12930 77 2
12935 77 2
12940 77 2
12945 77 2
12950 78 2
12955 79 2
12960 79 2
12965 79 2
12970 78 2
12975 79 2
12980 79 2
12985 79 2
12990 77 2
12995 77 2
13000 77 2
13005 79 2
13010 80 2
13015 80 2
13020 77 2
13025 76 2
13030 70 1
13035 71 1
13040 70 1
13045 71 1
13050 72 1
13055 72 1
13060 72 1
13065 72 1
13070 75 1
13075 80 1
13080 81 1
13085 76 1
13090 72 2
13095 74 2
13100 74 2
13105 74 2
13110 74 2
13115 73 2
13120 73 2
13125 73 2
13130 74 2
13135 73 2
13140 72 2
13145 72 2
13150 71 2
13155 71 2
13160 71 2
13165 73 2
13170 73 2
13175 74 2
13180 74 1
13185 75 1
13190 75 1
13195 78 1
13200 73 1
13205 73 1
13210 73 2
13215 73 2
13220 76 2
13225 79 2
13230 78 2
13235 74 2
13240 73 2
13245 73 2
13250 73 2
13255 75 2
13260 76 2
13265 76 2
13270 76 2
13275 78 2
13280 78 2
13285 78 2
13290 79 2
13295 76 2
13300 77 2
13305 75 2
13310 75 2
13315 74 2
13320 75 2
13325 76 2
13330 77 2
13335 76 2
13340 74 2
13345 75 2
13350 76 2
13355 76 2
13360 80 2
13365 81 2
13370 78 2
13375 79 2
13380 78 2
13385 76 2
13390 75 2
13395 71 2
13400 71 2
13405 72 2
13410 74 2
13415 74 2
13420 76 2
13425 77 2
13430 78 2
13435 79 2
13440 80 2
13445 80 2
13450 77 2
13455 76 2
13460 76 2
13465 78 2
13470 76 2
13475 80 1
13480 80 1
13485 80 1
13490 80 1
13495 77 1
13500 79 1
13505 80 1
13510 70 1
13515 70 1
13520 70 1
13525 71 1
13530 75 1
13535 75 1
13540 78 1
13545 78 1
13550 75 1
13555 77 1
13560 77 1
13565 76 1
13570 73 1
13575 72 1
13580 77 1
13585 77 1
13590 76 1
13595 73 1
13600 77 1
13605 74 1
13610 73 1
13615 73 1
13620 72 1
13625 75 1
13630 77 1
13635 76 1
13640 77 1
13645 77 1
13650 77 1
13655 75 1
13660 77 1
13665 77 1
13670 80 1
13675 77 1
